131
119
119

107
95
89
83
78
65
59
53
46
34
34

34


18
18

18


18



18
25
31
37
50
50

68
74
79
79

95
10
107
112
12
13
136
142
149
161
167
174
174

178
163
157
152
142
138
134
131
123
123

112
10
100
88
81
75
69
62
51
44
38
38

38


14
14

14


14



16
16

32
37
43
43

61
66
23
23

23


97
103
103

121
127
127

127


146
159
165
165

176
172
166
160
148
142
142

129
123
123

105
99
86
80
74
67
58
58

48
43
30
30

18
18

18


18



18




26
32
38
44
44

63
69
75
75

75


75



113
113

129
134
134

134


156
161
169
174
179
176
164
160
156
147
142
139
132
128
124
124

108
102
90
84
78
65
59
47
41
35
35

35


35



35




35





10
16
29
35
42
48
48

66
72
72

72


97
104
115
121
128
134
146
153
159
159

178
177
177

158
152
146
133
128
122
109
103
